Genome	species	tRNA Nucleotide Fraction: A	tRNA Nucleotide Fraction: C	tRNA Nucleotide Fraction: G	tRNA Nucleotide Fraction: T	tRNA GC
Rickettsia_conorii_str_malish_7.ASM702v1.dna.toplevel.fa	rickettsia_conorii	0.20540758676351897	0.2570621468926554	0.3171912832929782	0.22033898305084745	0.5742534301856336	
Chlamydia_psittaci_nj1_gca_001401475.ASM140147v1.dna.toplevel.fa	chlamydia_psittaci	0.211660777385159	0.24840989399293287	0.3102473498233215	0.22968197879858657	0.5586572438162544	
Thermogladius_cellulolyticus_1633.ASM26449v1.dna.toplevel.fa	thermogladius_cellulolyticus	0.13464938126104892	0.3500294637595757	0.3871538008249853	0.1281673541543901	0.737183264584561	
Clostridioides_difficile_cd201.ASM44966v2.dna.toplevel.fa	clostridioides_difficile	0.20830824804334738	0.26128838049367853	0.31005418422636966	0.22034918723660446	0.5713425647200482	
Ahrensia_marina.ASM129356v1.dna.toplevel.fa	ahrensia_marina	0.19076457229371688	0.27819833459500376	0.33232399697199094	0.19871309613928842	0.6105223315669946	
Buchnera_aphidicola_str_sg_schizaphis_graminum_.ASM736v1.dna.toplevel.fa	buchnera_aphidicola	0.2231578947368421	0.25473684210526315	0.30105263157894735	0.22105263157894736	0.5557894736842105	
Brucella_abortus_gca_001401995.ASM140199v1.dna.toplevel.fa	brucella_abortus	0.18627706757109314	0.28489433863814245	0.3357683276806679	0.19306026611009652	0.6206626663188103	
Streptomyces_thermoautotrophicus.ASM154391v1.dna.toplevel.fa	streptomyces_thermoautotrophicus	0.16935690494491418	0.29746348962336666	0.3487061234947476	0.18447348193697155	0.6461696131181143	
Rhizobium_nepotum_39_7.ASM94986v1.dna.toplevel.fa	rhizobium_nepotum	0.19389912413168228	0.2724252491694352	0.3307157958320749	0.2029598308668076	0.6031410450015101	
Klebsiella_quasipneumoniae_gca_001729665.ASM172966v1.dna.toplevel.fa	klebsiella_quasipneumoniae	0.20125021705157145	0.27504775134571974	0.3170689355790936	0.2066330960236152	0.5921166869248133	
Wenzhouxiangella_marina.ASM118778v1.dna.toplevel.fa	wenzhouxiangella_marina	0.1843092010383617	0.2861263340063455	0.3368906835881165	0.19267378136717622	0.623017017594462	
Brucella_canis_cngb_1324.Bruc_cani_CNGB_1324_V1.dna.toplevel.fa	brucella_canis	0.18496969696969698	0.28484848484848485	0.3372121212121212	0.19296969696969696	0.6220606060606061	
Chlorobium_chlorochromatii_cad3.ASM1258v1.dna.toplevel.fa	chlorobium_chlorochromatii	0.20226055919095776	0.2543129089827484	0.3182629387269482	0.22516359309934564	0.5725758477096966	
Taylorella_asinigenitalis_mce3.ASM22662v1.dna.toplevel.fa	taylorella_asinigenitalis	0.19845722300140253	0.26823281907433383	0.3222300140252454	0.21107994389901824	0.5904628330995793	
Ehrlichia_ruminantium_gca_001686285.ER_KSE_1.0.dna.toplevel.fa	ehrlichia_ruminantium	0.22226472838561592	0.2406273909716909	0.29724560061208877	0.23986228003060445	0.5378729915837797	
Bacillus_gaemokensis.ASM71261v1.dna.toplevel.fa	bacillus_gaemokensis	0.20465211181391552	0.2707610691695572	0.31483370740665173	0.20975311160987553	0.585594776576209	
Salinicoccus_sediminis.ASM98679v1.dna.toplevel.fa	salinicoccus_sediminis	0.19703131354209028	0.269215128100854	0.3222854819032127	0.21146807645384302	0.5915006100040667	
Mycobacterium_africanum_mal010102.Myco_afri_MAL010102_V1.dna.toplevel.fa	mycobacterium_africanum	0.1802662037037037	0.2899305555555556	0.3394097222222222	0.19039351851851852	0.6293402777777778	
Buchnera_aphidicola_str_w106_myzus_persicae_.ASM52154v1.dna.toplevel.fa	buchnera_aphidicola	0.22470489038785835	0.2554806070826307	0.29932546374367625	0.22048903878583473	0.554806070826307	
Lactobacillus_apis.ASM97073v1.dna.toplevel.fa	lactobacillus_apis	0.21882741535920727	0.2510322047894302	0.3014037985136251	0.22873658133773742	0.5524360033030553	
Helicobacter_bilis.ASM76584v1.dna.toplevel.fa	helicobacter_bilis	0.20896084337349397	0.26694277108433734	0.3117469879518072	0.21234939759036145	0.5786897590361446	
Brucella_abortus_cngb_1432.Bruc_abor_CNGB_1432_V1.dna.toplevel.fa	brucella_abortus	0.1853375272199371	0.28550689571739657	0.336559399951609	0.19259617711105734	0.6220662956690056	
Brucella_abortus_600_64.Bruc_abor_600_64_V1.dna.toplevel.fa	brucella_abortus	0.18468939552394897	0.2863417695042878	0.3380046015477933	0.19096423342396987	0.6243463710520811	
Clostridioides_difficile_p51.ASM45198v1.dna.toplevel.fa	clostridioides_difficile	0.20651762031072377	0.2660098522167488	0.3080712391057219	0.2194012883668056	0.5740810913224706	
Bacillus_solimangrovi.ASM174242v1.dna.toplevel.fa	bacillus_solimangrovi	0.19603680113234254	0.28096249115357397	0.3167020523708422	0.20629865534324132	0.5976645435244161	
Tenacibaculum_soleae.ASM169341v1.dna.toplevel.fa	tenacibaculum_soleae	0.20099529997235277	0.24910146530273708	0.3140724357202101	0.23583079900470003	0.5631739010229472	
Mycoplasma_bovigenitalium_51080.version_1.0.dna.toplevel.fa	mycoplasma_bovigenitalium	0.2193719593100398	0.26138876603272887	0.2914639540026537	0.22777532065457762	0.5528527200353825	
Buchnera_aphidicola_str_jf98_acyrthosiphon_pisum_.ASM18330v1.dna.toplevel.fa	buchnera_aphidicola	0.219738506959089	0.25516659637283845	0.3061999156474062	0.21889498102066637	0.5613665120202446	
Helicobacter_typhlonius.ASM76576v1.dna.toplevel.fa	helicobacter_typhlonius	0.20486815415821502	0.27349560513860716	0.3144016227180527	0.20723461798512507	0.5878972278566599	
Agrobacterium_fabrum_str_c58.ASM9202v1.dna.toplevel.fa	agrobacterium_fabrum	0.19347664936990364	0.2787249814677539	0.33110946380034595	0.19668890536199654	0.6098344452680998	
Flavobacterium_beibuense_f44_8.ASM76991v1.dna.toplevel.fa	flavobacterium_beibuense	0.20117907148120856	0.24797347089167282	0.31908621960206335	0.23176123802505527	0.5670596904937362	
Silicibacter_lacuscaerulensis_iti_1157.ASM16177v1.dna.toplevel.fa	silicibacter_lacuscaerulensis	0.18865535578627501	0.27196758673081795	0.3370473537604457	0.2023297037224614	0.6090149404912636	
Draconibacterium_sediminis.ASM94947v1.dna.toplevel.fa	draconibacterium_sediminis	0.20011451474377326	0.24649298597194388	0.32121385628399657	0.2321786430002863	0.5677068422559405	
Chryseobacterium_kwangjuense.ASM156349v1.dna.toplevel.fa	chryseobacterium_kwangjuense	0.20623723779469091	0.23872285130870616	0.3087061444217561	0.24633376647484687	0.5474289957304622	
Hymenobacter_swuensis_dy53.ASM57655v1.dna.toplevel.fa	hymenobacter_swuensis	0.20435560859188545	0.25507159904534604	0.31712410501193317	0.2234486873508353	0.5721957040572793	
Ureaplasma_urealyticum_serovar_8_str_atcc_27618.ASM16953v1.dna.toplevel.fa	ureaplasma_urealyticum	0.22741573033707865	0.24224719101123596	0.2907865168539326	0.2395505617977528	0.5330337078651686	
Vibrio_bivalvicida.ASM139945v2.dna.toplevel.fa	vibrio_bivalvicida	0.19874167283493707	0.27183567727609176	0.32087342709104366	0.20854922279792745	0.5927091043671354	
Clostridioides_difficile_da00275.ASM44962v2.dna.toplevel.fa	clostridioides_difficile	0.21033653846153846	0.2644230769230769	0.3082932692307692	0.2169471153846154	0.5727163461538461	
Mycoplasma_canis_uf31.ASM25894v1.dna.toplevel.fa	mycoplasma_canis	0.2186026575225032	0.25632233176168023	0.2991855979425632	0.22588941277325333	0.5555079297042435	
Brucella_melitensis_f15_06_7.Bruc_meli_F15_06-7_V1.dna.toplevel.fa	brucella_melitensis	0.18610484073238023	0.28517682468021066	0.33559066967644846	0.19312766491096062	0.6207674943566591	
Lactobacillus_shenzhenensis_ly_73.ASM46932v1.dna.toplevel.fa	lactobacillus_shenzhenensis	0.21730020951810836	0.26219694702184976	0.307991619275666	0.21251122418437593	0.5701885662975157	
Aquimarina_atlantica.SOAPdenovo_v1.05.dna.toplevel.fa	aquimarina_atlantica	0.19645897173987062	0.2553626149131767	0.3224378617637045	0.2257405515832482	0.5778004766768812	
Isoptericola_dokdonensis_ds_3.ASM163629v1.dna.toplevel.fa	isoptericola_dokdonensis	0.17661421595225177	0.2962561041779707	0.3399348887683125	0.187194791101465	0.6361909929462832	
Burkholderia_mallei_gca_001279265.BIC_1.dna.toplevel.fa	burkholderia_mallei	0.18841624609468877	0.2785388127853881	0.33429464071136744	0.19875030040855562	0.6128334534967556	
Streptomyces_cyaneogriseus_subsp_noncyanogenus.ASM93144v1.dna.toplevel.fa	streptomyces_cyaneogriseus	0.17883985353632684	0.2879167469647331	0.34033532472538064	0.19290807477355945	0.6282520716901137	
Shewanella_decolorationis_s12.SheDec2.0.dna.toplevel.fa	shewanella_decolorationis	0.20263118100710723	0.2717374867684863	0.3128685921669439	0.21276274005746257	0.5846060789354303	
Lactobacillus_koreensis_jcm_16448.ASM143552v1.dna.toplevel.fa	lactobacillus_koreensis	0.20854271356783918	0.25879396984924624	0.31633165829145726	0.21633165829145728	0.5751256281407036	
Komagataeibacter_europaeus_nbrc_3261.ASM96448v1.dna.toplevel.fa	komagataeibacter_europaeus	0.19140853302162478	0.28345996493278786	0.33167738164815896	0.1934541203974284	0.6151373465809468	
Pseudomonas_helleri_gca_001043065.MG839.dna.toplevel.fa	pseudomonas_helleri	0.19238135773568846	0.2751649287082358	0.3253883805064907	0.20706533304958502	0.6005533092147265	
Sulfitobacter_geojensis.ASM165079v1.dna.toplevel.fa	sulfitobacter_geojensis	0.1902567478604345	0.2672811059907834	0.33410138248847926	0.20836076366030284	0.6013824884792627	
Mycobacterium_africanum_mal020107.Myco_afri_MAL020107_V1.dna.toplevel.fa	mycobacterium_africanum	0.1802662037037037	0.2899305555555556	0.3394097222222222	0.19039351851851852	0.6293402777777778	
Agrobacterium_vitis_gca_001758305.ASM175830v1.dna.toplevel.fa	agrobacterium_vitis	0.19739696312364424	0.279826464208243	0.3264642082429501	0.1963123644251627	0.6062906724511931	
Flavobacterium_seoulense.ASM69579v1.dna.toplevel.fa	flavobacterium_seoulense	0.20102398275397468	0.2535704661816222	0.3190514686068445	0.22635408245755861	0.5726219347884667	
Olsenella_scatoligenes.ASM149463v1.dna.toplevel.fa	olsenella_scatoligenes	0.188829033172668	0.28522823929685287	0.3337113694357811	0.19223135809469805	0.618939608732634	
Chlamydia_pneumoniae.CV14.dna.toplevel.fa	chlamydia_pneumoniae	0.21006021962451293	0.2454835281615303	0.31172511512575274	0.23273113708820403	0.557208643287283	
Bradyrhizobium_oligotrophicum_s58.ASM34480v1.dna.toplevel.fa	bradyrhizobium_oligotrophicum	0.1831559882273036	0.287978265791261	0.3375594294770206	0.19130631650441476	0.6255376952682816	
Palaeococcus_pacificus_dy20341.ASM72542v1.dna.toplevel.fa	palaeococcus_pacificus	0.14677601809954752	0.3388009049773756	0.3721719457013575	0.14225113122171945	0.7109728506787331	
Ehrlichia_ruminantium_str_gardel.ASM5040v1.dna.toplevel.fa	ehrlichia_ruminantium	0.22188217291507267	0.2410099464422341	0.297628156082632	0.2394797245600612	0.5386381025248661	
Borrelia_recurrentis_a1.ASM1970v1.dna.toplevel.fa	borrelia_recurrentis	0.20630252100840335	0.24411764705882352	0.3168067226890756	0.23277310924369748	0.5609243697478992	
Pseudooceanicola_batsensis_htcc2597.ASM15272v1.dna.toplevel.fa	pseudooceanicola_batsensis	0.1860740740740741	0.2725925925925926	0.33955555555555555	0.20177777777777778	0.6121481481481481	
Brachyspira_hyodysenteriae_gca_001013195.ASM101319v1.dna.toplevel.fa	brachyspira_hyodysenteriae	0.20284135753749014	0.2557221783741121	0.31570639305445936	0.22573007103393844	0.5714285714285714	
Clostridioides_difficile_t61.T61.dna.toplevel.fa	clostridioides_difficile	0.20437956204379562	0.2674452554744526	0.31503649635036496	0.21313868613138687	0.5824817518248175	
Kiloniella_litopenaei.ASM98241v1.dna.toplevel.fa	kiloniella_litopenaei	0.19498607242339833	0.2743732590529248	0.3241643454038997	0.20647632311977715	0.5985376044568245	
Thermoanaerobaculum_aquaticum.TheAqu1.0.dna.toplevel.fa	thermoanaerobaculum_aquaticum	0.1773616083723492	0.3023960341503718	0.34343156155329113	0.17681079592398788	0.6458275957036629	
Chloracidobacterium_thermophilum_b.ASM22629v1.dna.toplevel.fa	chloracidobacterium_thermophilum	0.19664804469273742	0.2717877094972067	0.3293296089385475	0.2022346368715084	0.6011173184357542	
Stanieria_cyanosphaera_pcc_7437.ASM31757v1.dna.toplevel.fa	stanieria_cyanosphaera	0.1957370159111378	0.26208345842089464	0.3251275893125188	0.2170519363554488	0.5872110477334134	
Paenibacillus_antarcticus.ASM163722v1.dna.toplevel.fa	paenibacillus_antarcticus	0.2033028900287752	0.2721130989615914	0.3152758663830852	0.20930814462654823	0.5873889653446766	
Paracoccus_sanguinis_gca_000763865.ASM76386v1.dna.toplevel.fa	paracoccus_sanguinis	0.18393172454384932	0.283402001177163	0.33990582695703353	0.1927604473219541	0.6233078281341966	
Gilliamella_apicola_gca_001690815.ASM169081v1.dna.toplevel.fa	gilliamella_apicola	0.20319565872776604	0.2776605366294845	0.3129333735302985	0.20621043111245102	0.5905939101597829	
Chlamydia_pneumoniae_b21.CpneumoniaeB21_v1.dna.toplevel.fa	chlamydia_pneumoniae	0.20930232558139536	0.24563953488372092	0.31286337209302323	0.23219476744186046	0.5585029069767442	
Holospora_undulata_hu1.ASM38817v3.dna.toplevel.fa	holospora_undulata	0.2018213866039953	0.25146886016451236	0.31551116333725027	0.23119858989424208	0.5669800235017627	
Alteromonas_mediterranea_615.ASM43947v1.dna.toplevel.fa	alteromonas_mediterranea	0.1986451484359434	0.2683801554094441	0.3183901175532975	0.214584578601315	0.5867702729627415	
Aggregatibacter_aphrophilus_f0387.Aggr_aphr_F0387_V1.dna.toplevel.fa	aggregatibacter_aphrophilus	0.20398132219218482	0.27033669206193167	0.31629392971246006	0.20938805603342345	0.5866306217743917	
Burkholderia_territorii.ASM152996v1.dna.toplevel.fa	burkholderia_territorii	0.18544232922732362	0.28085106382978725	0.335498320268757	0.19820828667413215	0.6163493840985442	
Leuconostoc_kimchii_imsnu_11154.ASM9250v1.dna.toplevel.fa	leuconostoc_kimchii	0.20201620873690454	0.26289780589049216	0.3186400474402056	0.21644593793239772	0.5815378533306977	
Weissella_ceti_gca_000750515.ASM75051v1.dna.toplevel.fa	weissella_ceti	0.20505568322432385	0.2579105532968004	0.3148311826056214	0.22220258087325437	0.5727417359024218	
Bradyrhizobium_diazoefficiens_semia_5080.ASM64859v2.dna.toplevel.fa	bradyrhizobium_diazoefficiens	0.18334179786693752	0.2841543930929406	0.3377348908075165	0.1947689182326054	0.6218892839004571	
Corynebacterium_auriscanis.ASM76725v1.dna.toplevel.fa	corynebacterium_auriscanis	0.18631381983426892	0.280940924886394	0.3330660251269714	0.1996792301523657	0.6140069500133654	
Legionella_massiliensis_gca_000756695.PRJEB110_assembly_1.dna.toplevel.fa	legionella_massiliensis	0.1936416184971098	0.27199743095696854	0.32755298651252407	0.20680796403339757	0.5995504174694927	
Legionella_massiliensis.PRJEB6598_assembly_1.dna.toplevel.fa	legionella_massiliensis	0.1936416184971098	0.27199743095696854	0.32755298651252407	0.20680796403339757	0.5995504174694927	
Prochlorococcus_marinus_str_mit_9215.ASM1806v1.dna.toplevel.fa	prochlorococcus_marinus	0.19512987012987013	0.26655844155844155	0.3275974025974026	0.21071428571428572	0.5941558441558441	
Brucella_abortus_gca_001402075.ASM140207v1.dna.toplevel.fa	brucella_abortus	0.1859512594716363	0.28916649600655336	0.3356543108744624	0.18922793364734794	0.6248208068810158	
Brucella_abortus_bv_3_str_tulya.ASM15771v1.dna.toplevel.fa	brucella_abortus	0.18601437258153677	0.2830292979546711	0.3363736871199558	0.19458264234383638	0.6194029850746269	
Rickettsia_japonica_yh.ASM28359v1.dna.toplevel.fa	rickettsia_japonica	0.20483938256153525	0.2590738423028786	0.31622861910721733	0.2198581560283688	0.575302461410096	
Clostridioides_difficile_gca_000939295.7032994.dna.toplevel.fa	clostridioides_difficile	0.20230680507497117	0.26412918108419836	0.31464821222606687	0.21891580161476354	0.5787773933102652	
Legionella_drancourtii_llap12.ASM16275v2.dna.toplevel.fa	legionella_drancourtii	0.19214639725505148	0.2752573389248952	0.32672512390392683	0.20587113991612657	0.601982462828822	
Xanthomarina_gelatinilytica.Formosa_sp._AK20.dna.toplevel.fa	xanthomarina_gelatinilytica	0.2	0.2523364485981308	0.32037383177570095	0.22728971962616823	0.5727102803738318	
Treponema_paraluiscuniculi_cuniculi_a.ASM21765v1.dna.toplevel.fa	treponema_paraluiscuniculi	0.19993986770895972	0.2582681900180397	0.3208057726999399	0.22098616957306072	0.5790739627179795	
Dehalococcoides_mccartyi_195.ASM1190v1.dna.toplevel.fa	dehalococcoides_mccartyi	0.19660056657223796	0.2810198300283286	0.32889518413597735	0.19348441926345608	0.6099150141643059	
Deinococcus_puniceus.ASM164456v1.dna.toplevel.fa	deinococcus_puniceus	0.20461013090495161	0.27091633466135456	0.3207171314741036	0.20375640295959022	0.5916334661354582	
Clostridioides_difficile_cd133.ASM44934v2.dna.toplevel.fa	clostridioides_difficile	0.20607661822985468	0.2582562747688243	0.31175693527080584	0.2239101717305152	0.5700132100396301	
Gilliamella_apicola_gca_001690535.ASM169053v1.dna.toplevel.fa	gilliamella_apicola	0.20191032104006368	0.27752719554258426	0.3154682939771823	0.2050941894401698	0.5929954895197665	
Gallaecimonas_xiamenensis_3_c_1.ASM29991v1.dna.toplevel.fa	gallaecimonas_xiamenensis	0.1995114006514658	0.2732084690553746	0.32145765472312704	0.20582247557003258	0.5946661237785016	
Komagataeibacter_hansenii_atcc_23769.ASM16439v1.dna.toplevel.fa	komagataeibacter_hansenii	0.18532818532818532	0.28155628155628154	0.34006534006534006	0.19305019305019305	0.6216216216216216	
Myroides_odoratimimus_ccug_12901.Myro_odor_CCUG_12901_V1.dna.toplevel.fa	myroides_odoratimimus	0.2033232088618903	0.24656065749508665	0.320707521886725	0.229408611756298	0.5672681793818117	
Burkholderia_mallei_gca_000755845.ASM75584v1.dna.toplevel.fa	burkholderia_mallei	0.18696242643730196	0.2763693979176098	0.33725667722951563	0.19941149841557265	0.6136260751471254	
Clostridioides_difficile_cd44.ASM44904v2.dna.toplevel.fa	clostridioides_difficile	0.2087378640776699	0.26144244105409153	0.3106796116504854	0.21914008321775313	0.5721220527045769	
Lactobacillus_futsaii_jcm_17355.ASM143550v1.dna.toplevel.fa	lactobacillus_futsaii	0.21158754466564575	0.2565084226646248	0.3072996426748341	0.22460438999489535	0.5638080653394589	
Buchnera_aphidicola_str_g002_myzus_persicae_.ASM52156v1.dna.toplevel.fa	buchnera_aphidicola	0.22470489038785835	0.2554806070826307	0.29932546374367625	0.22048903878583473	0.554806070826307	
Kosakonia_sacchari_sp1.ASM30045v4.dna.toplevel.fa	kosakonia_sacchari	0.19700179240671337	0.2766824181196024	0.31986312530552385	0.20645266416816033	0.5965455434251263	
Oscillatoria_acuminata_pcc_6304.ASM31710v1.dna.toplevel.fa	oscillatoria_acuminata	0.20502749410840534	0.25628436763550666	0.31284367635506677	0.2258444619010212	0.5691280439905735	
Xanthomonas_oryzae_pv_oryzicola.ASM94082v1.dna.toplevel.fa	xanthomonas_oryzae	0.18800764452938365	0.2845198279980889	0.3332537028189202	0.19421882465360726	0.617773530817009	
Chlamydia_psittaci_02dc16.ASM41556v2.dna.toplevel.fa	chlamydia_psittaci	0.211660777385159	0.24840989399293287	0.3102473498233215	0.22968197879858657	0.5586572438162544	
Orientia_tsutsugamushi_str_ta763.ASM96482v1.dna.toplevel.fa	orientia_tsutsugamushi	0.22028104823395367	0.24724648689707557	0.29851879984808205	0.2339536650208887	0.5457652867451576	
Chlamydia_muridarum_gca_000700885.cmvar003.dna.toplevel.fa	chlamydia_muridarum	0.20819731592310484	0.24809575625680086	0.31157054769677184	0.23213638012332244	0.5596663039535728	
Glutamicibacter_arilaitensis.ASM130256v1.dna.toplevel.fa	glutamicibacter_arilaitensis	0.19311624072547404	0.27679307502061007	0.325638911788953	0.2044517724649629	0.6024319868095631	
Serinicoccus_chungangensis.ASM148374v1.dna.toplevel.fa	serinicoccus_chungangensis	0.1700640652300524	0.2926616191030868	0.3465346534653465	0.19073966220151428	0.6391962725684334	
Streptomyces_pristinaespiralis.ASM127807v1.dna.toplevel.fa	streptomyces_pristinaespiralis	0.1759715920299862	0.2872361412507398	0.34326297100019726	0.19352929571907673	0.630499112250937	
Hoeflea_olei.ASM170363v1.dna.toplevel.fa	hoeflea_olei	0.1901669758812616	0.279839208410637	0.3370439084724799	0.19294990723562153	0.6168831168831169	
Brucella_abortus_bv_1_str_ni010.Bruc_abor_bv1_NI010_V1.dna.toplevel.fa	brucella_abortus	0.18407960199004975	0.28493894165535955	0.3383084577114428	0.1926729986431479	0.6232473993668024	
Sulfolobus_islandicus_rey15a.ASM18955v1.dna.toplevel.fa	sulfolobus_islandicus	0.14927495024168325	0.33096388967870344	0.3730452089849303	0.14671595109468297	0.7040090986636338	
Streptomyces_sviceus_atcc_29083.ASM15496v1.dna.toplevel.fa	streptomyces_sviceus	0.17996930161166538	0.2887567152724482	0.3386415963161934	0.19263238679969302	0.6273983115886416	
Haloarcula_californiae_atcc_33799.ASM33775v1.dna.toplevel.fa	haloarcula_californiae	0.17756163763854332	0.29586066500791675	0.33657543542185026	0.19000226193168968	0.6324361004297671	
Prochlorococcus_marinus_str_sb.ASM76011v1.dna.toplevel.fa	prochlorococcus_marinus	0.19600131104555885	0.26745329400196655	0.32645034414945917	0.2100950508030154	0.5939036381514258	
Brachyspira_hyodysenteriae_gca_001012925.ASM101292v1.dna.toplevel.fa	brachyspira_hyodysenteriae	0.20284135753749014	0.255327545382794	0.31570639305445936	0.2261247040252565	0.5710339384372534	
Dolosigranulum_pigrum_atcc_51524.Dolo_pigr_ATCC_51524_V1.dna.toplevel.fa	dolosigranulum_pigrum	0.20269442743417024	0.2516840171463564	0.32088181261481935	0.224739742804654	0.5725658297611758	
Acinetobacter_indicus_anc_4215.Acin_indi_ANC_4215_V1.dna.toplevel.fa	acinetobacter_indicus	0.19533632286995517	0.2719282511210762	0.32053811659192827	0.21219730941704035	0.5924663677130045	
Vibrio_toranzoniae.ASM154133v1.dna.toplevel.fa	vibrio_toranzoniae	0.20195530726256983	0.2736033519553073	0.31689944134078213	0.20754189944134077	0.5905027932960893	
Spiroplasma_poulsonii.ASM82052v1.dna.toplevel.fa	spiroplasma_poulsonii	0.22	0.2582978723404255	0.3	0.22170212765957448	0.5582978723404255	
Methyloceanibacter_superfactus.ASM172330v1.dna.toplevel.fa	methyloceanibacter_superfactus	0.18232044198895028	0.28525734225065424	0.344286129688863	0.18813608607153243	0.6295434719395173	
Brucella_abortus_gca_001402005.ASM140200v1.dna.toplevel.fa	brucella_abortus	0.18538276873833023	0.2830088023472926	0.3371565750866898	0.19445185382768737	0.6201653774339824	
Nitrosomonas_communis.ASM100793v1.dna.toplevel.fa	nitrosomonas_communis	0.19600380589914368	0.2702188392007612	0.32540437678401524	0.20837297811607994	0.5956232159847764	
Polynucleobacter_wuianus.ASM165972v1.dna.toplevel.fa	polynucleobacter_wuianus	0.2024818401937046	0.2717917675544794	0.31658595641646486	0.20914043583535108	0.5883777239709443	
Lactobacillus_nasuensis_jcm_17158.ASM143470v1.dna.toplevel.fa	lactobacillus_nasuensis	0.212707182320442	0.25775605609859753	0.309604759881003	0.2199320016999575	0.5673608159796005	
Ideonella_sakaiensis.ASM129352v1.dna.toplevel.fa	ideonella_sakaiensis	0.18796105045736206	0.28326940100324577	0.33195632930067864	0.19681321923871348	0.6152257303039245	
Clostridium_botulinum_gca_001273255.CBOT006-SEQ-1-ASM-1.dna.toplevel.fa	clostridium_botulinum	0.20122678480149941	0.2661441472141762	0.31555631283012436	0.21707275515420005	0.5817004600443005	
Clostridioides_difficile_p64.ASM47366v2.dna.toplevel.fa	clostridioides_difficile	0.20615486432825944	0.26671078755790867	0.3113831899404368	0.2157511581733951	0.5780939774983455	
Atlantibacter_hermannii_nbrc_105704.ASM24801v2.dna.toplevel.fa	atlantibacter_hermannii	0.19959919839679358	0.27074148296593187	0.31783567134268537	0.2118236472945892	0.5885771543086172	
Brucella_abortus_03_4923_239_d.Bruc_abor_03-4923-239-D_V1.dna.toplevel.fa	brucella_abortus	0.18588067506536723	0.2854765866413121	0.33610648918469216	0.1925362491086285	0.6215830758260042	
Lyngbya_aestuarii_bl_j.ASM47819v2.dna.toplevel.fa	lyngbya_aestuarii	0.20495549675246572	0.25402934808756317	0.3201828241520327	0.22083233100793842	0.5742121722395959	
Bacillus_velezensis.ASM76955v1.dna.toplevel.fa	bacillus_velezensis	0.19324700868710049	0.27962629077200457	0.32650385182756925	0.2006228487133257	0.6061301425995739	
Bacillus_stratosphericus_gca_001265125.ASM126512v1.dna.toplevel.fa	bacillus_stratosphericus	0.19531403819649537	0.2780074817877535	0.32348887576294544	0.20318960425280566	0.601496357550699	
Brachyspira_hyodysenteriae_gca_001013045.ASM101304v1.dna.toplevel.fa	brachyspira_hyodysenteriae	0.20284135753749014	0.255327545382794	0.31570639305445936	0.2261247040252565	0.5710339384372534	
Vibrio_fischeri_sr5.ASM24178v1.dna.toplevel.fa	vibrio_fischeri	0.2063953488372093	0.26920681063122925	0.3127076411960133	0.21169019933554817	0.5819144518272426	
Paramesorhizobium_deserti.ASM155869v1.dna.toplevel.fa	paramesorhizobium_deserti	0.1889412997903564	0.28485324947589097	0.33176100628930816	0.19444444444444445	0.6166142557651991	
Clostridium_botulinum_gca_001276965.CBOT008-SEQ-1-ASM-1.dna.toplevel.fa	clostridium_botulinum	0.2081295328048575	0.2565356721200877	0.3074717490301906	0.22786304604486424	0.5640074211502782	
Clostridioides_difficile_da00141.ASM45010v2.dna.toplevel.fa	clostridioides_difficile	0.20361823887760752	0.26952187557688756	0.3116115931327303	0.2152482924127746	0.5811334687096179	
Listeria_booriae.ASM76686v1.dna.toplevel.fa	listeria_booriae	0.2022024367385192	0.2706185567010309	0.31724461105904406	0.2099343955014058	0.587863167760075	
Polymorphum_gilvum_sl003b_26a1.ASM19274v1.dna.toplevel.fa	polymorphum_gilvum	0.18864606882692792	0.2853554383320774	0.3325797538306958	0.1934187390102989	0.6179351921627732	
Burkholderia_mallei_gca_000959405.ASM95940v1.dna.toplevel.fa	burkholderia_mallei	0.1882854578096948	0.2800718132854578	0.33415619389587076	0.19748653500897667	0.6142280071813285	
Prevotella_oulorum_f0390.Prev_oulo_F0390_V1.dna.toplevel.fa	prevotella_oulorum	0.20408704883227177	0.2428343949044586	0.3174097664543524	0.2356687898089172	0.560244161358811	
Methylomonas_koyamae_gca_001644135.ASM164413v1.dna.toplevel.fa	methylomonas_koyamae	0.19146448406898567	0.2809120140309851	0.3279742765273312	0.19964922537269805	0.6088862905583163	
Methyloceanibacter_marginalis.ASM172329v1.dna.toplevel.fa	methyloceanibacter_marginalis	0.18154761904761904	0.2904761904761905	0.3398809523809524	0.1880952380952381	0.6303571428571428	
Kosakonia_radicincitans_yd4.GFC_25.dna.toplevel.fa	kosakonia_radicincitans	0.19694507637309067	0.27705557361065974	0.32044198895027626	0.20555736106597336	0.597497562560936	
Piscirickettsia_salmonis_lf_89_atcc_vr_1361.ASM40151v2.dna.toplevel.fa	piscirickettsia_salmonis	0.19787478460654795	0.2739804709936818	0.32079264790350376	0.2073520964962665	0.5947731188971855	
Novosphingobium_malaysiense.ASM80222v1.dna.toplevel.fa	novosphingobium_malaysiense	0.1877160329699548	0.2874235575644775	0.33395373570858816	0.19090667375697953	0.6213772932730657	
Achromobacter_insuavis_axx_a.ASM21974v1.dna.toplevel.fa	achromobacter_insuavis	0.18895211000474157	0.2802275960170697	0.3333333333333333	0.19748696064485538	0.6135609293504031	
Terrimicrobium_sacchariphilum.ASM161354v1.dna.toplevel.fa	terrimicrobium_sacchariphilum	0.1978366068886991	0.27554796470253345	0.322801024765158	0.20381440364360945	0.5983489894676914	
Paludibacter_jiangxiensis.ASM161838v1.dna.toplevel.fa	paludibacter_jiangxiensis	0.20461171481579646	0.2456930824277763	0.31539888682745826	0.234296315928969	0.5610919692552345	
Pluralibacter_gergoviae_gca_001276415.ASM127641v1.dna.toplevel.fa	pluralibacter_gergoviae	0.20009136592051166	0.28414801279122887	0.3156692553677478	0.20009136592051166	0.5998172681589767	
Luteipulveratus_mongoliensis.ASM119094v1.dna.toplevel.fa	luteipulveratus_mongoliensis	0.17818077144502015	0.2864133563615429	0.3408175014392631	0.19458837075417387	0.627230857800806	
Kosakonia_radicincitans_ument01_12.UMEnt01_12.1.dna.toplevel.fa	kosakonia_radicincitans	0.200034548281223	0.27396787009846263	0.31784418725168423	0.20815339436863017	0.5918120573501469	
Haloferax_alexandrinus_jcm_10717.ASM33673v1.dna.toplevel.fa	haloferax_alexandrinus	0.18258230212467896	0.2904506187251926	0.33317767919682467	0.19378939995330377	0.6236282979220172	
Trichodesmium_erythraeum_ims101.ASM1426v1.dna.toplevel.fa	trichodesmium_erythraeum	0.19009100101112233	0.26120660599932594	0.3346814964610718	0.21402089652847994	0.5958881024603977	
Clostridioides_difficile_p29.ASM45174v2.dna.toplevel.fa	clostridioides_difficile	0.20651068158697863	0.262970498474059	0.31027466937945064	0.2202441505595117	0.5732451678535097	
Pseudomonas_pseudoalcaligenes_ad6.Pseudomonas_mendocina_AD6.dna.toplevel.fa	pseudomonas_pseudoalcaligenes	0.19149324571011317	0.27802117561153705	0.3231106243154436	0.20737495436290618	0.6011317999269806	
Clostridium_botulinum_b_str_eklund_17b_nrp_.ASM2016v1.dna.toplevel.fa	clostridium_botulinum	0.21079958463136034	0.26064382139148495	0.3028729664243683	0.22568362755278643	0.5635167878158532	
Treponema_lecithinolyticum_atcc_700332.ASM46805v1.dna.toplevel.fa	treponema_lecithinolyticum	0.20104679802955666	0.25862068965517243	0.3180418719211823	0.22229064039408866	0.5766625615763546	
Mycoplasma_columbinum_sf7.ASM22299v1.dna.toplevel.fa	mycoplasma_columbinum	0.22487437185929648	0.25	0.29061976549413737	0.23450586264656617	0.5406197654941374	
Lentimicrobium_saccharophilum.ASM119283v1.dna.toplevel.fa	lentimicrobium_saccharophilum	0.20566754309085597	0.25153374233128833	0.32252410166520595	0.22027461291264971	0.5740578439964943	
Peptoniphilus_duerdenii_atcc_baa_1640.ASM14634v1.dna.toplevel.fa	peptoniphilus_duerdenii	0.2139689578713969	0.25609756097560976	0.3093126385809313	0.22062084257206208	0.565410199556541	
Anaplasma_phagocytophilum_str_crt38.ASM47844v1.dna.toplevel.fa	anaplasma_phagocytophilum	0.19681043856469735	0.25045306270387824	0.3243928959768032	0.22834360275462123	0.5748459586806814	
Mycobacterium_africanum_mal020185.Myco_afri_MAL020185_V1.dna.toplevel.fa	mycobacterium_africanum	0.1802662037037037	0.2899305555555556	0.3394097222222222	0.19039351851851852	0.6293402777777778	
Planktothrix_agardhii_niva_cya_126_8.Plagard2.0.dna.toplevel.fa	planktothrix_agardhii	0.19689973614775724	0.26022427440633245	0.32618733509234826	0.216688654353562	0.5864116094986808	
Microcystis_aeruginosa_nies_44.ASM78767v1.dna.toplevel.fa	microcystis_aeruginosa	0.19703947368421051	0.2601973684210526	0.32335526315789476	0.2194078947368421	0.5835526315789473	
Clostridioides_difficile_cd86.ASM45240v2.dna.toplevel.fa	clostridioides_difficile	0.21095334685598377	0.2616632860040568	0.30831643002028397	0.21906693711967545	0.5699797160243407	
Clostridioides_difficile_p9.ASM45162v2.dna.toplevel.fa	clostridioides_difficile	0.20816864295125165	0.25889328063241107	0.3129117259552042	0.22002635046113306	0.5718050065876152	
Streptomyces_roseochromogenus_subsp_oscitans_ds_12_976.S.roseochromogenes_v1.dna.toplevel.fa	streptomyces_roseochromogenus	0.17685185185185184	0.28944444444444445	0.3422222222222222	0.19148148148148147	0.6316666666666667	
Prochlorococcus_marinus_str_mit_9301.ASM1596v1.dna.toplevel.fa	prochlorococcus_marinus	0.19549678341672624	0.2687634024303074	0.3284488920657613	0.20729092208720515	0.5972122944960686	
Mycoplasma_capricolum_subsp_capripneumoniae_99108.ASM73168v1.dna.toplevel.fa	mycoplasma_capricolum	0.2226179875333927	0.26179875333926983	0.2956366874443455	0.21994657168299198	0.5574354407836153	
Vibrio_cidicii.ASM159765v1.dna.toplevel.fa	vibrio_cidicii	0.19912448086204962	0.27545179032439104	0.31911550117858345	0.20630822763497586	0.5945672915029745	
Chlamydia_psittaci_dd34.ASM140146v1.dna.toplevel.fa	chlamydia_psittaci	0.211660777385159	0.24840989399293287	0.3102473498233215	0.22968197879858657	0.5586572438162544	
Burkholderia_mallei_gca_001278925.BFZ.dna.toplevel.fa	burkholderia_mallei	0.18925518925518925	0.2796092796092796	0.33308913308913307	0.19804639804639804	0.6126984126984127	
Pseudomonas_endophytica.ASM141147v1.dna.toplevel.fa	pseudomonas_endophytica	0.19662213259389968	0.2730022687169145	0.32140156289387445	0.20897403579531132	0.594403831610789	
Gilliamella_apicola_gca_001690275.ASM169027v1.dna.toplevel.fa	gilliamella_apicola	0.20053795576808128	0.2719665271966527	0.31888822474596534	0.20860729228930067	0.590854751942618	
Chlamydia_psittaci_c6_98.ASM41767v1.dna.toplevel.fa	chlamydia_psittaci	0.211660777385159	0.24840989399293287	0.3102473498233215	0.22968197879858657	0.5586572438162544	
Parachlamydia_acanthamoebae_uv_7.ASM25303v1.dna.toplevel.fa	parachlamydia_acanthamoebae	0.20487483530961792	0.2536231884057971	0.31620553359683795	0.22529644268774704	0.569828722002635	
Photobacterium_aquae.ASM102944v1.dna.toplevel.fa	photobacterium_aquae	0.20606060606060606	0.26428995840760544	0.3152703505644682	0.21437908496732025	0.5795603089720737	
Pseudomonas_flexibilis_gca_000806415.ASM80641v1.dna.toplevel.fa	pseudomonas_flexibilis	0.1917377638078132	0.2804220925011226	0.3268971710821733	0.20094297260889088	0.6073192635832959	
Nitrosococcus_oceani.ASM74073v1.dna.toplevel.fa	nitrosococcus_oceani	0.1911642122811892	0.2848013337038066	0.3306474020561267	0.19338705195887745	0.6154487357599333	
Melissococcus_plutonius_dat561.ASM28397v1.dna.toplevel.fa	melissococcus_plutonius	0.20431161195492406	0.2596766291033807	0.3206761391474767	0.21533561979421853	0.5803527682508575	
Borrelia_duttonii_cr2a.BOR_261.dna.toplevel.fa	borrelia_duttonii	0.2046218487394958	0.2453781512605042	0.3176470588235294	0.2323529411764706	0.5630252100840336	
Mycoplasma_auris_15026.version_1.0.dna.toplevel.fa	mycoplasma_auris	0.22523961661341854	0.2519968051118211	0.2935303514376997	0.2292332268370607	0.5455271565495208	
Streptomyces_leeuwenhoekii.ASM104731v1.dna.toplevel.fa	streptomyces_leeuwenhoekii	0.17785493827160495	0.28877314814814814	0.3402777777777778	0.19309413580246915	0.6290509259259259	
Sodalis_praecaptivus.ASM51742v1.dna.toplevel.fa	sodalis_praecaptivus	0.19620142882035196	0.2756577801010629	0.32096184004181916	0.20717895103676598	0.5966196201428821	
Rickettsia_rhipicephali_str_3_7_female6_cwpp.ASM28407v1.dna.toplevel.fa	rickettsia_rhipicephali	0.20714572460859093	0.26013649136892814	0.3147330389401847	0.21798474508229626	0.5748695303091128	
Erythrobacter_atlanticus.ASM107781v2.dna.toplevel.fa	erythrobacter_atlanticus	0.1875	0.2824292452830189	0.33284198113207547	0.19722877358490565	0.6152712264150944	
Halorubrum_kocurii_jcm_14978.ASM33735v1.dna.toplevel.fa	halorubrum_kocurii	0.1797532249018508	0.2961301177790241	0.33258553000560853	0.19153112731351654	0.6287156477846326	
Ureaplasma_parvum_serovar_14_str_atcc_33697.ASM17135v1.dna.toplevel.fa	ureaplasma_parvum	0.22831460674157303	0.24044943820224718	0.2907865168539326	0.24044943820224718	0.5312359550561798	
Chlamydia_psittaci_wc.ASM29851v2.dna.toplevel.fa	chlamydia_psittaci	0.211660777385159	0.2480565371024735	0.3106007067137809	0.22968197879858657	0.5586572438162544	
Anaplasma_phagocytophilum_str_annie.ASM96512v1.dna.toplevel.fa	anaplasma_phagocytophilum	0.19701383831026947	0.25091041514930806	0.325564457392571	0.22651128914785143	0.5764748725418791	
Caulobacter_crescentus_na1000.ASM2200v1.dna.toplevel.fa	caulobacter_crescentus	0.18826918041372087	0.2827965435978005	0.337261063105525	0.19167321288295366	0.6200576067033254	
Haloprofundus_marisrubri.ASM146995v1.dna.toplevel.fa	haloprofundus_marisrubri	0.178117048346056	0.28931297709923665	0.33587786259541985	0.19669211195928754	0.6251908396946565	
Helicobacter_magdeburgensis.ASM76582v1.dna.toplevel.fa	helicobacter_magdeburgensis	0.20392857142857143	0.26785714285714285	0.3167857142857143	0.21142857142857144	0.5846428571428571	
Mycobacterium_caprae.Genome_assembly_of_M_bovis_MB2.dna.toplevel.fa	mycobacterium_caprae	0.1802662037037037	0.2899305555555556	0.3394097222222222	0.19039351851851852	0.6293402777777778	
Neorhizobium_galegae_bv_orientalis_gca_000985995.NgalHAMBI2605Draft.dna.toplevel.fa	neorhizobium_galegae	0.1932059447983015	0.2747952684258417	0.33363663936912347	0.19836214740673339	0.6084319077949651	
Kouleothrix_aurantiaca.ASM139970v1.dna.toplevel.fa	kouleothrix_aurantiaca	0.1904034618811251	0.29655084637902507	0.3357515591192567	0.1772941326205931	0.6323024054982818	
Arthrospira_platensis_c1.ASM30791v1.dna.toplevel.fa	arthrospira_platensis	0.19042663891779396	0.26361429066944153	0.33125216788067985	0.21470690253208463	0.5948664585501214	
Paenibacillus_riograndensis.ASM154606v1.dna.toplevel.fa	paenibacillus_riograndensis	0.19949693444426977	0.27039773620499924	0.3244772834459991	0.20562804590473197	0.5948750196509983	
Brucella_abortus_87_28.Bruc_abor_87_28_V1.dna.toplevel.fa	brucella_abortus	0.18656355727404544	0.28588690188496857	0.33566940550990815	0.1918801353310778	0.6215563073948768	
Luminiphilus_syltensis_nor5_1b.ASM15817v1.dna.toplevel.fa	luminiphilus_syltensis	0.1938671209540034	0.2780238500851789	0.32810902896081773	0.2	0.6061328790459966	
Brucella_abortus_88_226.Bruc_abor_88_226_V1.dna.toplevel.fa	brucella_abortus	0.1853375272199371	0.28550689571739657	0.336559399951609	0.19259617711105734	0.6220662956690056	
Burkholderia_mallei_nctc_10247_gca_000762285.ASM76228v1.dna.toplevel.fa	burkholderia_mallei	0.18784277879341865	0.27947897623400364	0.33478062157221206	0.19789762340036562	0.6142595978062158	
Enterobacter_kobei_gca_001023235.ASM102323v1.dna.toplevel.fa	enterobacter_kobei	0.19693747341556783	0.270948532539345	0.3194385367928541	0.21267545725223308	0.5903870693321991	
Rickettsia_australis_str_cutlack.ASM28415v1.dna.toplevel.fa	rickettsia_australis	0.2083668543845535	0.2602574416733709	0.31255028157683024	0.21882542236524538	0.5728077232502011	
Acidihalobacter_prosperus.ASM75409v2.dna.toplevel.fa	acidihalobacter_prosperus	0.18823529411764706	0.28911764705882353	0.32794117647058824	0.19470588235294117	0.6170588235294118	
Mycobacterium_leprae_br4923.ASM2668v1.dna.toplevel.fa	mycobacterium_leprae	0.1831069108092144	0.28795038393384526	0.33697578263437683	0.19196692262256349	0.6249261665682221	
Synergistes_jonesii.sjonesii4.0.dna.toplevel.fa	synergistes_jonesii	0.20248868778280543	0.27262443438914025	0.3229638009049774	0.20192307692307693	0.5955882352941176	
Buchnera_aphidicola_bcc.ASM9096v1.dna.toplevel.fa	buchnera_aphidicola	0.24251626898047723	0.23427331887201736	0.2824295010845987	0.24078091106290672	0.516702819956616	
Sulfurimonas_gotlandica_gd1.ASM15609v1.dna.toplevel.fa	sulfurimonas_gotlandica	0.21001353179972937	0.2603518267929635	0.3047361299052774	0.22489851150202977	0.5650879566982409	
Mageeibacillus_indolicus_0009_5.04_NF40_HMP1632v01.dna.toplevel.fa	mageeibacillus_indolicus	0.20761961015948022	0.2572356763142351	0.31807442409923214	0.21707028942705256	0.5753101004134672	
Clostridium_botulinum_gca_001264545.ASM126454v1.dna.toplevel.fa	clostridium_botulinum	0.2122389509470617	0.25870163509794397	0.30581188279099886	0.22324753116399546	0.5645135178889429	
Roseivirga_echinicomitans.ASM159293v1.dna.toplevel.fa	roseivirga_echinicomitans	0.20840950639853748	0.2489945155393053	0.313345521023766	0.22925045703839123	0.5623400365630713	
Patulibacter_medicamentivorans.ASM24022v2.dna.toplevel.fa	patulibacter_medicamentivorans	0.16520011353959693	0.29208061311382344	0.3559466363894408	0.1867726369571388	0.6480272495032643	
Brucella_abortus_85_69.Bruc_abor_85_69_V1.dna.toplevel.fa	brucella_abortus	0.18568665377176016	0.28578336557059963	0.33607350096711797	0.19245647969052224	0.6218568665377177	
Acinetobacter_nosocomialis_gca_001433045.ASM143304v1.dna.toplevel.fa	acinetobacter_nosocomialis	0.19489875389408098	0.27414330218068533	0.32087227414330216	0.21008566978193147	0.5950155763239875	
Brucella_abortus_levi_gila.Bruc_abor_levi_gila_V1.dna.toplevel.fa	brucella_abortus	0.1853375272199371	0.28550689571739657	0.336559399951609	0.19259617711105734	0.6220662956690056	
Mycobacterium_africanum_mal010099.Myco_afri_MAL010099_V1.dna.toplevel.fa	mycobacterium_africanum	0.1802662037037037	0.2899305555555556	0.3394097222222222	0.19039351851851852	0.6293402777777778	
Rubinisphaera_brasiliensis_dsm_5305.ASM16571v3.dna.toplevel.fa	rubinisphaera_brasiliensis	0.1885648281836558	0.2616228703436327	0.3349696794686688	0.21484262200404275	0.5965925498123015	
Oenococcus_alcoholitolerans.ASM76969v1.dna.toplevel.fa	oenococcus_alcoholitolerans	0.20451127819548873	0.2646616541353383	0.3165413533834586	0.21428571428571427	0.5812030075187969	
Brucella_melitensis_uk31_99.Bruc_meli_UK31_99_V1.dna.toplevel.fa	brucella_melitensis	0.1859522737505628	0.28635749662314275	0.33633498424133274	0.19135524538496174	0.6226924808644755	
