Genome	species	rRNA Nucleotide Fraction: A	rRNA Nucleotide Fraction: C	rRNA Nucleotide Fraction: G	rRNA Nucleotide Fraction: T	rRNA GC
Lyngbya_aestuarii_bl_j.ASM47819v2.dna.toplevel.fa	lyngbya_aestuarii	0.25387205387205386	0.22895622895622897	0.3164983164983165	0.20067340067340067	0.5454545454545454	
Bartonella_doshiae_nctc_12862_atcc_700133.Bart_dosh_NCTC_12862_R18_V1.dna.toplevel.fa	bartonella_doshiae	0.2473045822102426	0.23315363881401618	0.31266846361185985	0.2068733153638814	0.545822102425876	
Protochlamydia_naegleriophila.PNK1.dna.toplevel.fa	protochlamydia_naegleriophila	0.2692057291666667	0.21956380208333334	0.2952473958333333	0.21598307291666666	0.5148111979166666	
Chlamydia_pneumoniae.CV14.dna.toplevel.fa	chlamydia_pneumoniae	0.2703225806451613	0.20387096774193547	0.292258064516129	0.2335483870967742	0.49612903225806454	
Glutamicibacter_arilaitensis_re117.ASM19773v1.dna.toplevel.fa	glutamicibacter_arilaitensis	0.22769028871391075	0.2361111111111111	0.33267716535433073	0.2035214348206474	0.5687882764654418	
Xanthomonas_oryzae_gca_001277095.XANT003-SEQ-2-ASM-1.dna.toplevel.fa	xanthomonas_oryzae	0.24627349319507452	0.23266364225534672	0.3188593648736228	0.20220349967595594	0.5515230071289695	
Brucella_abortus_gca_001401945.ASM140194v1.dna.toplevel.fa	brucella_abortus	0.2388663967611336	0.23684210526315788	0.32051282051282054	0.203778677462888	0.5573549257759784	
Hungatella_hathewayi_12489931.Clos_hath_12489931_V1.dna.toplevel.fa	hungatella_hathewayi	0.2663951120162933	0.21873727087576375	0.314867617107943	0.2	0.5336048879837068	
Chlamydia_ibidis_10_1398_6.ibidis.assembly.dna.toplevel.fa	chlamydia_ibidis	0.26145900581020015	0.20723047127178826	0.2969657843770174	0.2343447385409942	0.5041962556488057	
Brucella_abortus_544_gca_000739315.ASM73931v1.dna.toplevel.fa	brucella_abortus	0.23986321446018563	0.23693209574987786	0.323400097703957	0.19980459208597948	0.5603321934538349	
Flexilinea_flocculi.ASM119279v1.dna.toplevel.fa	flexilinea_flocculi	0.27364185110663986	0.22065727699530516	0.3165660630449363	0.1891348088531187	0.5372233400402414	
Brucella_melitensis_gca_001307425.ASM130742v1.dna.toplevel.fa	brucella_melitensis	0.2388663967611336	0.23751686909581646	0.32051282051282054	0.20310391363022942	0.558029689608637	
Pseudomonas_pseudoalcaligenes_ad6.Pseudomonas_mendocina_AD6.dna.toplevel.fa	pseudomonas_pseudoalcaligenes	0.25130548302872063	0.22258485639686684	0.3152741514360313	0.2108355091383812	0.5378590078328982	
Brucella_ovis_intabari_1993_758.Bruc_ovis_IntaBari-1993-758_V1.dna.toplevel.fa	brucella_ovis	0.2388663967611336	0.23751686909581646	0.32051282051282054	0.20310391363022942	0.558029689608637	
Ehrlichia_chaffeensis_str_saint_vincent.ASM63292v1.dna.toplevel.fa	ehrlichia_chaffeensis	0.2761144377910845	0.19827012641383898	0.2860944777112442	0.23952095808383234	0.48436460412508314	
Burkholderia_mallei_2002721280.ASM15308v1.dna.toplevel.fa	burkholderia_mallei	0.24819908316961362	0.23248199083169613	0.320890635232482	0.19842829076620824	0.5533726260641781	
Corynebacterium_crenatum_mt.contig.dna.toplevel.fa	corynebacterium_crenatum	0.22486033519553073	0.23533519553072627	0.3268156424581006	0.21298882681564246	0.5621508379888268	
Enteractinococcus_helveticum.ASM165747v1.dna.toplevel.fa	enteractinococcus_helveticum	0.22097902097902097	0.23216783216783216	0.3321678321678322	0.21468531468531468	0.5643356643356643	
Clostridioides_difficile_p41.ASM47360v2.dna.toplevel.fa	clostridioides_difficile	0.2748267898383372	0.21478060046189376	0.302540415704388	0.20785219399538107	0.5173210161662818	
Clostridioides_difficile_t5.ASM105057v1.dna.toplevel.fa	clostridioides_difficile	0.2613333333333333	0.22	0.302	0.21666666666666667	0.522	
Thioploca_ingrica.ASM82883v1.dna.toplevel.fa	thioploca_ingrica	0.2676604018146468	0.21386908619572262	0.29747245625405055	0.22099805573558004	0.5113415424497731	
Brucella_abortus_bc95.Bruc_abor_BC95_V1.dna.toplevel.fa	brucella_abortus	0.2388663967611336	0.23684210526315788	0.32051282051282054	0.203778677462888	0.5573549257759784	
Haemophilus_haemolyticus_m19107.ASM22200v2.dna.toplevel.fa	haemophilus_haemolyticus	0.26264450867052025	0.20447976878612717	0.31647398843930635	0.21640173410404626	0.5209537572254336	
Paenibacillus_pectinilyticus.ASM170043v1.dna.toplevel.fa	paenibacillus_pectinilyticus	0.25040650406504067	0.21788617886178863	0.33495934959349594	0.1967479674796748	0.5528455284552846	
Xanthomonas_oryzae_pv_oryzae_kacc_10331.ASM738v1.dna.toplevel.fa	xanthomonas_oryzae	0.24692158133506156	0.23136746597537264	0.3188593648736228	0.20285158781594298	0.5502268308489955	
Ehrlichia_ruminantium_gca_001686325.ER_SAN_1.0.dna.toplevel.fa	ehrlichia_ruminantium	0.27381745502998	0.19786808794137242	0.28847435043304465	0.23984010659560293	0.48634243837441704	
Erythrobacter_gangjinensis.ASM101092v1.dna.toplevel.fa	erythrobacter_gangjinensis	0.24932614555256064	0.23517520215633422	0.30660377358490565	0.20889487870619947	0.5417789757412399	
Mycoplasma_auris_15026.version_1.0.dna.toplevel.fa	mycoplasma_auris	0.2783641160949868	0.20316622691292877	0.2862796833773087	0.23218997361477572	0.4894459102902375	
Lactobacillus_parabrevis.ASM143751v1.dna.toplevel.fa	lactobacillus_parabrevis	0.2626521460602178	0.22101217168481743	0.29724535554131964	0.2190903267136451	0.518257527226137	
Bacillus_velezensis_gca_000988345.ASM98834v1.dna.toplevel.fa	bacillus_velezensis	0.2465704230410113	0.23586870645694175	0.31702937585290525	0.20053149464914172	0.552898082309847	
Vibrio_metoecus_gca_001402155.ASM140215v1.dna.toplevel.fa	vibrio_metoecus	0.25647668393782386	0.22085492227979275	0.3121761658031088	0.2104922279792746	0.5330310880829016	
Clostridioides_difficile_t3.T3.dna.toplevel.fa	clostridioides_difficile	0.26066666666666666	0.21933333333333332	0.30266666666666664	0.21733333333333332	0.522	
Edwardsiella_piscicida_gca_000711155.ASM71115v1.dna.toplevel.fa	edwardsiella_piscicida	0.2545454545454545	0.22467532467532467	0.31493506493506496	0.20584415584415586	0.5396103896103897	
Klebsiella_michiganensis_gca_000783895.ASM78389v1.dna.toplevel.fa	klebsiella_michiganensis	0.252228099413086	0.22730236939352222	0.3161365118469676	0.20433301934642417	0.5434388812404898	
Frischella_perrara.ASM80727v1.dna.toplevel.fa	frischella_perrara	0.26405228758169935	0.2053921568627451	0.31437908496732025	0.2161764705882353	0.5197712418300654	
Aquimarina_atlantica.SOAPdenovo_v1.05.dna.toplevel.fa	aquimarina_atlantica	0.27602108036890644	0.2088274044795784	0.2845849802371542	0.230566534914361	0.49341238471673254	
Rickettsia_prowazekii_str_dachau.ASM27722v1.dna.toplevel.fa	rickettsia_prowazekii	0.2643908969210174	0.20883534136546184	0.2978580990629183	0.2289156626506024	0.5066934404283802	
Psychrobacter_piscatorii.ASM144450v1.dna.toplevel.fa	psychrobacter_piscatorii	0.2631935047361299	0.2185385656292287	0.3078484438430311	0.2104194857916103	0.5263870094722598	
Brachyspira_suanatina.BRSU_AN4859_03.dna.toplevel.fa	brachyspira_suanatina	0.2686962276637988	0.2084712111184646	0.300463269358041	0.22236929185969556	0.5089344804765056	
Dehalococcoides_mccartyi_vs.ASM2502v1.dna.toplevel.fa	dehalococcoides_mccartyi	0.2578700602813128	0.21701272605492297	0.3060951105157401	0.21902210314802412	0.5231078365706631	
Clostridioides_difficile_p24.ASM45108v2.dna.toplevel.fa	clostridioides_difficile	0.2692307692307692	0.2055944055944056	0.3167832167832168	0.2083916083916084	0.5223776223776224	
Anaerostipes_hadrus_dsm_3319.ASM33287v2.dna.toplevel.fa	anaerostipes_hadrus	0.27078891257995735	0.22956645344705046	0.3049040511727079	0.1947405828002843	0.5344705046197583	
Nitrosopumilus_maritimus_scm1.ASM1846v1.dna.toplevel.fa	nitrosopumilus_maritimus	0.25918367346938775	0.22585034013605443	0.29931972789115646	0.21564625850340136	0.5251700680272109	
Pseudomonas_flexibilis_gca_000806415.ASM80641v1.dna.toplevel.fa	pseudomonas_flexibilis	0.2539164490861619	0.22258485639686684	0.31201044386422977	0.21148825065274152	0.5345953002610966	
Mycobacterium_africanum_gm041182.ASM25335v1.dna.toplevel.fa	mycobacterium_africanum	0.21778940483976456	0.23871811641595814	0.34139960758665794	0.20209287115761937	0.5801177240026161	
Enterobacter_soli_atcc_baa_2102.EsoBAA2102_DRAFTv1.dna.toplevel.fa	enterobacter_soli	0.2545572916666667	0.2265625	0.3138020833333333	0.205078125	0.5403645833333334	
Methanocaldococcus_bathoardescens.ASM73906v1.dna.toplevel.fa	methanocaldococcus_bathoardescens	0.19776876267748478	0.2880324543610548	0.3580121703853955	0.15618661257606492	0.6460446247464503	
Clostridioides_difficile_p51.ASM45198v1.dna.toplevel.fa	clostridioides_difficile	0.2755467196819085	0.21590457256461232	0.3069582504970179	0.20159045725646124	0.5228628230616302	
Sulfolobus_islandicus_hve10_4.ASM18957v1.dna.toplevel.fa	sulfolobus_islandicus	0.21337792642140468	0.2809364548494983	0.3505016722408027	0.1551839464882943	0.631438127090301	
Clostridium_botulinum_e3_str_alaska_e43.ASM2028v1.dna.toplevel.fa	clostridium_botulinum	0.26568043778940403	0.21432437308316796	0.30332551566540383	0.21666967346202418	0.5176498887485718	
Brucella_abortus_levi_gila.Bruc_abor_levi_gila_V1.dna.toplevel.fa	brucella_abortus	0.2388663967611336	0.23751686909581646	0.32051282051282054	0.20310391363022942	0.558029689608637	
Brucella_abortus_80_108.Bruc_abor_80_108_V1.dna.toplevel.fa	brucella_abortus	0.2388663967611336	0.23751686909581646	0.32051282051282054	0.20310391363022942	0.558029689608637	
Porphyromonas_cangingivalis.ASM76600v1.dna.toplevel.fa	porphyromonas_cangingivalis	0.2622629169391759	0.2223675604970569	0.30346631785480704	0.2119032047089601	0.525833878351864	
Prochlorococcus_marinus_str_mit_9211.ASM1858v1.dna.toplevel.fa	prochlorococcus_marinus	0.24662162162162163	0.23445945945945945	0.31554054054054054	0.20337837837837838	0.55	
Brucella_abortus_ni492.Bruc_abor_NI492_V1.dna.toplevel.fa	brucella_abortus	0.2388663967611336	0.23751686909581646	0.32051282051282054	0.20310391363022942	0.558029689608637	
Roseivirga_ehrenbergii.ASM159300v1.dna.toplevel.fa	roseivirga_ehrenbergii	0.2655217965653897	0.21598414795244386	0.30317040951122853	0.21532364597093792	0.5191545574636723	
Staphylococcus_argenteus.ASM23692v1.dna.toplevel.fa	staphylococcus_argenteus	0.26814776543528807	0.21932317230689743	0.2928183931800568	0.2197106690777577	0.5121415654869542	
Prochlorococcus_marinus_str_mit_9515.ASM1566v1.dna.toplevel.fa	prochlorococcus_marinus	0.24662162162162163	0.23378378378378378	0.31216216216216214	0.20743243243243242	0.5459459459459459	
Prochlorococcus_marinus_str_ss2.ASM76025v1.dna.toplevel.fa	prochlorococcus_marinus	0.24797297297297297	0.23648648648648649	0.3141891891891892	0.20135135135135135	0.5506756756756757	
Ehrlichia_ruminantium_str_welgevonden_gca_000050425.ASM5042v1.dna.toplevel.fa	ehrlichia_ruminantium	0.27363515312916115	0.1970705725699068	0.28894806924101196	0.2403462050599201	0.48601864181091875	
Anaeroglobus_geminatus_f0357.ASM23927v1.dna.toplevel.fa	anaeroglobus_geminatus	0.26004548900682334	0.22820318423047764	0.33434420015163	0.177407126611069	0.5625473843821076	
Clostridioides_difficile_e16.E16.dna.toplevel.fa	clostridioides_difficile	0.2635514018691589	0.205607476635514	0.3364485981308411	0.19439252336448598	0.5420560747663551	
Cutibacterium_avidum_gca_001714705.ASM171470v1.dna.toplevel.fa	cutibacterium_avidum	0.21790651744568795	0.22975641869651087	0.3416721527320606	0.21066491112574062	0.5714285714285714	
Chryseobacterium_arthrosphaerae.ASM168496v1.dna.toplevel.fa	chryseobacterium_arthrosphaerae	0.2656972901520159	0.21348314606741572	0.29477858559153997	0.2260409781890284	0.5082617316589557	
Novosphingobium_malaysiense.ASM80222v1.dna.toplevel.fa	novosphingobium_malaysiense	0.24226110363391656	0.23418573351278602	0.3135935397039031	0.20995962314939434	0.5477792732166891	
Bacillus_velezensis.ASM76955v1.dna.toplevel.fa	bacillus_velezensis	0.2457290608551113	0.2359405300581771	0.31794256164004064	0.20038784744667099	0.5538830916982177	
Nitrincola_nitratireducens.NitAk23.dna.toplevel.fa	nitrincola_nitratireducens	0.2521227955584585	0.22534291312867408	0.3187459177008491	0.2037883736120183	0.5440888308295232	
Sodalis_praecaptivus.ASM51742v1.dna.toplevel.fa	sodalis_praecaptivus	0.24830216764350171	0.22932365801469903	0.32012280212112754	0.2022513722206717	0.5494464601358265	
Deinococcus_actinosclerus.ASM150766v1.dna.toplevel.fa	deinococcus_actinosclerus	0.244	0.232	0.322	0.202	0.554	
Bacteroides_nordii_cl02t12c05.Bact_nord_CL02T12C05_V1.dna.toplevel.fa	bacteroides_nordii	0.2653061224489796	0.21461487820934824	0.2955892034233048	0.22448979591836735	0.5102040816326531	
Agromyces_aureus.ASM166048v1.dna.toplevel.fa	agromyces_aureus	0.23092019188835586	0.2357174007849978	0.33057130396860007	0.20279110335804623	0.5662887047535979	
Chlamydia_psittaci_c19_98.ASM27038v1.dna.toplevel.fa	chlamydia_psittaci	0.2655038759689923	0.20930232558139536	0.29328165374677	0.23191214470284238	0.5025839793281653	
Brevundimonas_abyssalis_tar_001.ASM46698v1.dna.toplevel.fa	brevundimonas_abyssalis	0.23867478025693037	0.23732251521298176	0.3204868154158215	0.2035158891142664	0.5578093306288032	
Paeniclostridium_sordellii_atcc_9714.ASM44407v1.dna.toplevel.fa	paeniclostridium_sordellii	0.2669826224328594	0.21879936808846762	0.30055292259083727	0.2136650868878357	0.5193522906793049	
Liberibacter_crescens_bt_1.ASM32574v1.dna.toplevel.fa	liberibacter_crescens	0.24588314910895556	0.22648319422512972	0.315136476426799	0.21249718023911573	0.5416196706519287	
Brucella_ovis_intabari_2006_46_332.Bruc_ovis_IntaBari-2006-46-332_V1.dna.toplevel.fa	brucella_ovis	0.2388663967611336	0.23751686909581646	0.32051282051282054	0.20310391363022942	0.558029689608637	
Mycobacterium_africanum_mal010081.Myco_afri_MAL010081_V1.dna.toplevel.fa	mycobacterium_africanum	0.21778940483976456	0.23871811641595814	0.34139960758665794	0.20209287115761937	0.5801177240026161	
Microcystis_aeruginosa_nies_843.ASM1062v1.dna.toplevel.fa	microcystis_aeruginosa	0.25084175084175087	0.234006734006734	0.32222222222222224	0.19292929292929292	0.5562289562289562	
Agrobacterium_tumefaciens_f2.ASM21966v2.dna.toplevel.fa	agrobacterium_tumefaciens	0.24628879892037786	0.2300944669365722	0.31713900134952766	0.20647773279352227	0.5472334682860999	
Corynebacterium_glyciniphilum_aj_3170.ASM62667v1.dna.toplevel.fa	corynebacterium_glyciniphilum	0.22083879423328964	0.2306684141546527	0.3348623853211009	0.21363040629095675	0.5655307994757536	
Pseudomonas_coronafaciens_pv_oryzae_str_1_6.ASM15699v1.dna.toplevel.fa	pseudomonas_coronafaciens	0.25097783572359844	0.22359843546284225	0.31681877444589307	0.20860495436766624	0.5404172099087353	
Komagataeibacter_rhaeticus_af1.GLUCORHAEAF1_v1.dna.toplevel.fa	komagataeibacter_rhaeticus	0.2787049399198932	0.20460614152202938	0.2780373831775701	0.23865153538050735	0.4826435246995995	
Actinobacillus_minor_nm305.ASM17519v1.dna.toplevel.fa	actinobacillus_minor	0.2604166666666667	0.20638020833333334	0.3138020833333333	0.21940104166666666	0.5201822916666666	
Klebsiella_michiganensis_gca_000963575.ASM96357v1.dna.toplevel.fa	klebsiella_michiganensis	0.2505809090064132	0.226693930662701	0.3171298447811135	0.20559531554977228	0.5438237754438144	
Hassallia_byssoidea_vb512170.V1.0.dna.toplevel.fa	hassallia_byssoidea	0.262046204620462	0.21993399339933994	0.30363036303630364	0.2143894389438944	0.5235643564356436	
Acinetobacter_indicus.ASM96409v1.dna.toplevel.fa	acinetobacter_indicus	0.250814332247557	0.22149837133550487	0.31205211726384363	0.21563517915309446	0.5335504885993485	
Lactobacillus_parabrevis_atcc_53295.ASM143405v1.dna.toplevel.fa	lactobacillus_parabrevis	0.2626521460602178	0.22101217168481743	0.29724535554131964	0.2190903267136451	0.518257527226137	
Brucella_abortus_63_59.Bruc_abor_63_59_V1.dna.toplevel.fa	brucella_abortus	0.2388663967611336	0.23751686909581646	0.32051282051282054	0.20310391363022942	0.558029689608637	
Oceaniovalibus_guishaninsula_jlt2003.ASM29957v1.dna.toplevel.fa	oceaniovalibus_guishaninsula	0.2402730375426621	0.23959044368600682	0.3146757679180887	0.2054607508532423	0.5542662116040956	
Coxiella_burnetii_q321.ASM16949v2.dna.toplevel.fa	coxiella_burnetii	0.2412811387900356	0.2313167259786477	0.31743772241992885	0.2099644128113879	0.5487544483985766	
Chlamydia_psittaci_84_55.ASM29837v2.dna.toplevel.fa	chlamydia_psittaci	0.2655038759689923	0.20930232558139536	0.29328165374677	0.23191214470284238	0.5025839793281653	
Hoyosella_subflava_dqs3_9a1.ASM21417v1.dna.toplevel.fa	hoyosella_subflava	0.21611561199912416	0.2397635209108824	0.34924458068754105	0.1948762864024524	0.5890081015984234	
Haemophilus_haemolyticus_m19501.ASM22202v2.dna.toplevel.fa	haemophilus_haemolyticus	0.2601825061206321	0.20387269085243712	0.3218339639439127	0.21411083908301803	0.5257066547963499	
Helicobacter_bizzozeronii_ciii_1.ASM23728v1.dna.toplevel.fa	helicobacter_bizzozeronii	0.2664660648612504	0.21965897693079237	0.29220996322300236	0.22166499498495487	0.5118689401537947	
Rickettsia_slovaca_13_b.ASM23784v1.dna.toplevel.fa	rickettsia_slovaca	0.2643908969210174	0.21218206157965194	0.29852744310575635	0.2248995983935743	0.5107095046854083	
Rickettsia_prowazekii_str_rpgvf24.ASM27726v1.dna.toplevel.fa	rickettsia_prowazekii	0.2643908969210174	0.20883534136546184	0.2978580990629183	0.2289156626506024	0.5066934404283802	
Clostridioides_difficile_y381.ASM45154v2.dna.toplevel.fa	clostridioides_difficile	0.2702526132404181	0.20426829268292682	0.3166376306620209	0.20884146341463414	0.5209059233449478	
Ureaplasma_urealyticum_serovar_9_str_atcc_33175.ASM16959v1.dna.toplevel.fa	ureaplasma_urealyticum	0.2949838932351588	0.1859180855959503	0.2696732627703636	0.24942475839852737	0.4555913483663139	
Celeribacter_baekdonensis_b30.ASM29987v1.dna.toplevel.fa	celeribacter_baekdonensis	0.2452697967764541	0.23405746320953047	0.3104414856341976	0.2102312543798178	0.5444989488437281	
Methylobacter_tundripaludum_sv96.ASM19075v3.dna.toplevel.fa	methylobacter_tundripaludum	0.2542483660130719	0.22549019607843138	0.3137254901960784	0.2065359477124183	0.5392156862745098	
Xenorhabdus_khoisanae.ASM103746v1.dna.toplevel.fa	xenorhabdus_khoisanae	0.24896265560165975	0.2289073305670816	0.32226832641770403	0.19986168741355465	0.5511756569847857	
Mycobacterium_wolinskyi.ASM154513v1.dna.toplevel.fa	mycobacterium_wolinskyi	0.21621621621621623	0.23862887277521425	0.34541858932102837	0.1997363216875412	0.5840474620962426	
Erythrobacter_marinus.ASM101330v1.dna.toplevel.fa	erythrobacter_marinus	0.25134770889487873	0.23382749326145552	0.3025606469002695	0.21226415094339623	0.5363881401617251	
Alteromonas_lipolytica.ASM175846v1.dna.toplevel.fa	alteromonas_lipolytica	0.25310660562459125	0.2210595160235448	0.31131458469587964	0.2145192936559843	0.5323741007194245	
Anaplasma_phagocytophilum_str_crt53_1.ASM96491v1.dna.toplevel.fa	anaplasma_phagocytophilum	0.2604930046635576	0.20386409060626248	0.3031312458361093	0.23251165889407063	0.5069953364423717	
Mangrovimonas_yunxiaonensis.ASM73347v1.dna.toplevel.fa	mangrovimonas_yunxiaonensis	0.2638697845025218	0.2235213204951857	0.2973406694176983	0.2152682255845942	0.520861989912884	
Pararhizobium_polonicum.ASM168736v1.dna.toplevel.fa	pararhizobium_polonicum	0.24663072776280323	0.23247978436657682	0.3140161725067385	0.2068733153638814	0.5464959568733153	
Brachyspira_pilosicoli_b2904.ASM29657v1.dna.toplevel.fa	brachyspira_pilosicoli	0.2690523525513585	0.20874751491053678	0.2975480450629556	0.22465208747514911	0.5062955599734924	
Clostridioides_difficile_f314.ASM45078v2.dna.toplevel.fa	clostridioides_difficile	0.27052272319022813	0.2112448356385845	0.3156098437219328	0.20262259744925454	0.5268546793605173	
Brucella_abortus_88_226.Bruc_abor_88_226_V1.dna.toplevel.fa	brucella_abortus	0.2388663967611336	0.23751686909581646	0.32051282051282054	0.20310391363022942	0.558029689608637	
Bacillus_glycinifermentans_gca_001042475.ASM104247v2.dna.toplevel.fa	bacillus_glycinifermentans	0.2443820224719101	0.24157303370786518	0.31179775280898875	0.20224719101123595	0.5533707865168539	
Mycoplasma_hyosynoviae.MhyoNPL4v1.0_of_Mycoplasma_hyosynoviae_strain_NPL4_genome.dna.toplevel.fa	mycoplasma_hyosynoviae	0.27939233817701453	0.20409511228533686	0.285997357992074	0.23051519154557465	0.4900924702774108	
Brucella_melitensis_b115.Bruc_meli_B115_V1.dna.toplevel.fa	brucella_melitensis	0.2388663967611336	0.23751686909581646	0.32051282051282054	0.20310391363022942	0.558029689608637	
Magnetospirillum_magneticum_amb_1.ASM998v1.dna.toplevel.fa	magnetospirillum_magneticum	0.24240378122889938	0.23970290344361916	0.312626603646185	0.20526671168129643	0.5523295070898042	
Corynebacterium_pseudogenitalium_atcc_33035.ASM15661v2.dna.toplevel.fa	corynebacterium_pseudogenitalium	0.22162162162162163	0.2293644996347699	0.33221329437545655	0.21680058436815194	0.5615777940102264	
Clostridioides_difficile_gca_001299615.ASM129961v1.dna.toplevel.fa	clostridioides_difficile	0.26115922718187873	0.22051965356429049	0.301798800799467	0.21652231845436376	0.5223184543637575	
Bacillus_velezensis_cau_b946.ASM28369v1.dna.toplevel.fa	bacillus_velezensis	0.2460563744504784	0.23642358417377812	0.31755883113524697	0.1999612102404965	0.553982415309025	
Snodgrassella_alvi_scgc_ab_598_o11.sag_b_o11_noCtrl.dna.toplevel.fa	snodgrassella_alvi	0.258148631029987	0.21773142112125163	0.3116036505867014	0.21251629726205998	0.529335071707953	
Chlamydia_psittaci_6bc_gca_000204255.ASM20425v1.dna.toplevel.fa	chlamydia_psittaci	0.2655038759689923	0.20930232558139536	0.29328165374677	0.23191214470284238	0.5025839793281653	
Melissococcus_plutonius_gca_001047595.ASM104759v1.dna.toplevel.fa	melissococcus_plutonius	0.2585428755641522	0.22243713733075435	0.30883301096067056	0.21018697614442294	0.5312701482914249	
Pseudomonas_pseudoalcaligenes_cect_5344.Ppseudo_final.dna.toplevel.fa	pseudomonas_pseudoalcaligenes	0.25130548302872063	0.2245430809399478	0.3152741514360313	0.20887728459530025	0.5398172323759791	
Anaplasma_phagocytophilum_str_apwi1.ASM96494v1.dna.toplevel.fa	anaplasma_phagocytophilum	0.2598267821452365	0.20386409060626248	0.3037974683544304	0.23251165889407063	0.5076615589606929	
Mycoplasma_iowae_dk_cpa.MycoIowaeDkcpa1.0.dna.toplevel.fa	mycoplasma_iowae	0.2801324503311258	0.19337748344370861	0.280794701986755	0.2456953642384106	0.4741721854304636	
Klebsiella_michiganensis_gca_001006545.ASM100654v1.dna.toplevel.fa	klebsiella_michiganensis	0.2526041666666667	0.22786458333333334	0.31640625	0.203125	0.5442708333333334	
Chlamydia_psittaci_01dc12.ASM31799v1.dna.toplevel.fa	chlamydia_psittaci	0.2629198966408269	0.208656330749354	0.2958656330749354	0.23255813953488372	0.5045219638242894	
Haloferax_larsenii_jcm_13917.ASM33695v1.dna.toplevel.fa	haloferax_larsenii	0.241683638832315	0.2545824847250509	0.31771894093686354	0.18601493550577053	0.5723014256619144	
Niabella_ginsenosidivorans.ASM165445v1.dna.toplevel.fa	niabella_ginsenosidivorans	0.26907894736842103	0.225	0.29605263157894735	0.20986842105263157	0.5210526315789473	
Brucella_ovis_intabari_2001_319_4082.Bruc_ovis_IntaBari-2001-319-4082_V1.dna.toplevel.fa	brucella_ovis	0.2388663967611336	0.23751686909581646	0.32051282051282054	0.20310391363022942	0.558029689608637	
Dehalococcoides_mccartyi_cg4.ASM83090v1.dna.toplevel.fa	dehalococcoides_mccartyi	0.25853985264567986	0.21634293369055593	0.3054253181513731	0.21969189551239116	0.521768251841929	
Aggregatibacter_aphrophilus.ASM126203v1.dna.toplevel.fa	aggregatibacter_aphrophilus	0.2546657986111111	0.21158854166666666	0.3213975694444444	0.2123480902777778	0.5329861111111112	
Microcystis_aeruginosa_pcc_9809.ASM31226v1.dna.toplevel.fa	microcystis_aeruginosa	0.2505050505050505	0.23434343434343435	0.32255892255892255	0.1925925925925926	0.5569023569023569	
Pseudoalteromonas_porphyrae.ASM129841v1.dna.toplevel.fa	pseudoalteromonas_porphyrae	0.2699798522498321	0.20819341840161182	0.31027535258562794	0.21155137676292815	0.5184687709872398	
Reinekea_blandensis_med297.ASM15318v1.dna.toplevel.fa	reinekea_blandensis	0.2532392980154174	0.22109234049532556	0.3178612432343776	0.20780711825487944	0.5389535837297031	
Caldicellulosiruptor_obsidiansis_ob47.ASM14521v1.dna.toplevel.fa	caldicellulosiruptor_obsidiansis	0.23736501079913608	0.24146868250539957	0.34535637149028076	0.1758099352051836	0.5868250539956803	
Brucella_abortus_f10_05_11.Bruc_abor_F10_05-11_V1.dna.toplevel.fa	brucella_abortus	0.2401656314699793	0.23510466988727857	0.3225212790430182	0.20220841959972394	0.5576259489302967	
Anaplasma_phagocytophilum_str_jm.ASM43977v1.dna.toplevel.fa	anaplasma_phagocytophilum	0.2598267821452365	0.20386409060626248	0.3037974683544304	0.23251165889407063	0.5076615589606929	
Bradyrhizobium_oligotrophicum_s58.ASM34480v1.dna.toplevel.fa	bradyrhizobium_oligotrophicum	0.24226110363391656	0.24158815612382234	0.3149394347240915	0.20121130551816957	0.5565275908479138	
Xanthomonas_oryzae_gca_001277045.XANT002-SEQ-2-ASM-1.dna.toplevel.fa	xanthomonas_oryzae	0.24692158133506156	0.23201555411535968	0.31821127673363575	0.20285158781594298	0.5502268308489955	
Arthrobacter_nitrophenolicus.Whole_genome_assembly.dna.toplevel.fa	arthrobacter_nitrophenolicus	0.22733245729303547	0.23587385019710908	0.33180026281208935	0.2049934296977661	0.5676741130091985	
Nodularia_spumigena_cena596.ASM162348v1.dna.toplevel.fa	nodularia_spumigena	0.2589105581708137	0.22326832548755884	0.3140551445864156	0.20376597175521183	0.5373234700739744	
Bacillus_tequilensis.ASM127895v1.dna.toplevel.fa	bacillus_tequilensis	0.2490118577075099	0.23636363636363636	0.31462450592885377	0.2	0.5509881422924902	
Polaribacter_reichenbachii.ASM168087v1.dna.toplevel.fa	polaribacter_reichenbachii	0.2737467018469657	0.21437994722955145	0.28825857519788917	0.22361477572559366	0.5026385224274407	
Streptomyces_malaysiense.ASM98088v2.dna.toplevel.fa	streptomyces_malaysiense	0.2240473061760841	0.25295663600525625	0.33771353482260186	0.18528252299605782	0.5906701708278581	
Nitrosomonas_eutropha_c91.ASM1476v1.dna.toplevel.fa	nitrosomonas_eutropha	0.2648401826484018	0.21983039791258968	0.30919765166340507	0.20613176777560338	0.5290280495759948	
Mycoplasma_putrefaciens_ks1.ASM22410v1.dna.toplevel.fa	mycoplasma_putrefaciens	0.27931488801054016	0.2025691699604743	0.28919631093544135	0.22891963109354413	0.49176548089591565	
Brucella_melitensis_bv_2_str_63_9.ASM18223v1.dna.toplevel.fa	brucella_melitensis	0.24079457364341086	0.23546511627906977	0.32170542635658916	0.20203488372093023	0.5571705426356589	
Thermodesulfatator_autotrophicus.ASM164232v1.dna.toplevel.fa	thermodesulfatator_autotrophicus	0.21475953565505804	0.25456053067993367	0.3706467661691542	0.16003316749585406	0.6252072968490879	
Prochlorococcus_marinus_str_gp2.ASM75988v1.dna.toplevel.fa	prochlorococcus_marinus	0.24662162162162163	0.23310810810810811	0.31283783783783786	0.20743243243243242	0.5459459459459459	
Porphyromonas_cangingivalis_gca_000768995.ASM76899v1.dna.toplevel.fa	porphyromonas_cangingivalis	0.2616088947024199	0.2223675604970569	0.30477436232831917	0.21124918247220406	0.5271419228253761	
Erysipelatoclostridium_ramosum_dsm_1402.ASM15448v1.dna.toplevel.fa	erysipelatoclostridium_ramosum	0.2740554156171285	0.21763224181360202	0.308816120906801	0.19949622166246853	0.5264483627204031	
Desulfococcus_oleovorans_hxd3.ASM1840v1.dna.toplevel.fa	desulfococcus_oleovorans	0.2512820512820513	0.22564102564102564	0.30641025641025643	0.21666666666666667	0.532051282051282	
Brucella_ceti_m13_05_1.ASM15785v1.dna.toplevel.fa	brucella_ceti	0.2433425160697888	0.23232323232323232	0.3186409550045914	0.2056932966023875	0.5509641873278237	
Rickettsiella_grylli.ASM16829v1.dna.toplevel.fa	rickettsiella_grylli	0.2596401028277635	0.2127249357326478	0.32069408740359895	0.2069408740359897	0.5334190231362468	
Cenarchaeum_symbiosum_a.ASM20071v1.dna.toplevel.fa	cenarchaeum_symbiosum	0.25832766825288916	0.23521414004078858	0.300475866757308	0.20598232494901428	0.5356900067980965	
Clostridium_botulinum_c_d_str_bkt2873.BKT2873_1.0.dna.toplevel.fa	clostridium_botulinum	0.26773175943828226	0.22326244021573216	0.29546148366744684	0.2135443166785387	0.518723923883179	
Melissococcus_plutonius_dat561.ASM28397v1.dna.toplevel.fa	melissococcus_plutonius	0.2578981302385558	0.22308188265635073	0.30947775628626695	0.20954223081882656	0.5325596389426177	
Ehrlichia_muris_as145.ASM50822v1.dna.toplevel.fa	ehrlichia_muris	0.2744186046511628	0.2	0.28704318936877077	0.23853820598006645	0.4870431893687708	
Rubrivivax_benzoatilyticus_ja2_atcc_baa_35.ASM19037v1.dna.toplevel.fa	rubrivivax_benzoatilyticus	0.2439344262295082	0.23672131147540984	0.3239344262295082	0.19540983606557377	0.5606557377049181	
Brucella_abortus_bv_4_str_292_gca_000742275.ASM74227v1.dna.toplevel.fa	brucella_abortus	0.2388663967611336	0.23751686909581646	0.32051282051282054	0.20310391363022942	0.558029689608637	
Microcystis_aeruginosa_nies_2549.ASM98178v1.dna.toplevel.fa	microcystis_aeruginosa	0.25117845117845117	0.23434343434343435	0.3218855218855219	0.1925925925925926	0.5562289562289562	
Neorhizobium_galegae_bv_orientalis_gca_000985895.NgalHAMBI2610Draft.dna.toplevel.fa	neorhizobium_galegae	0.2456021650879567	0.2368064952638701	0.3152909336941813	0.20230040595399187	0.5520974289580515	
Brucella_abortus_99_9971_135.Bruc_abor_99-9971-135_V1.dna.toplevel.fa	brucella_abortus	0.2388663967611336	0.23684210526315788	0.32051282051282054	0.203778677462888	0.5573549257759784	
Dyella_jiangningensis.ASM63280v1.dna.toplevel.fa	dyella_jiangningensis	0.24853990914990265	0.22972096041531473	0.3218689162881246	0.199870214146658	0.5515898767034393	
Trichodesmium_erythraeum_ims101.ASM1426v1.dna.toplevel.fa	trichodesmium_erythraeum	0.25925925925925924	0.22760942760942762	0.3138047138047138	0.19932659932659932	0.5414141414141415	
Acinetobacter_lactucae.ASM160588v1.dna.toplevel.fa	acinetobacter_lactucae	0.25701239399869535	0.21983039791258968	0.30789302022178733	0.21526418786692758	0.5277234181343771	
Tumebacillus_flagellatus.GST4V1.dna.toplevel.fa	tumebacillus_flagellatus	0.25	0.23194444444444445	0.33194444444444443	0.18611111111111112	0.5638888888888889	
Mycobacterium_canettii_cipt_140070017.ASM32882v1.dna.toplevel.fa	mycobacterium_canettii	0.2184434270765206	0.2393721386527142	0.3407455853499019	0.2014388489208633	0.5801177240026161	
Pseudomonas_saudiphocaensis.PRJEB6478_assembly_1.dna.toplevel.fa	pseudomonas_saudiphocaensis	0.25130548302872063	0.22193211488250653	0.3139686684073107	0.21279373368146215	0.5359007832898173	
Brucella_melitensis_m5_90.ASM19288v1.dna.toplevel.fa	brucella_melitensis	0.2388663967611336	0.23751686909581646	0.32051282051282054	0.20310391363022942	0.558029689608637	
Hungatella_hathewayi_dsm_13479.ASM16009v1.dna.toplevel.fa	hungatella_hathewayi	0.2635814889336016	0.22334004024144868	0.32595573440643866	0.18712273641851107	0.5492957746478874	
Kiloniella_litopenaei.ASM98241v1.dna.toplevel.fa	kiloniella_litopenaei	0.2505023442732753	0.22438044206296048	0.3134628265237776	0.2116543871399866	0.5378432685867381	
Stenotrophomonas_daejeonensis.ASM143150v1.dna.toplevel.fa	stenotrophomonas_daejeonensis	0.24399740428293315	0.23166774821544453	0.32251784555483454	0.2018170019467878	0.5541855937702791	
Fibrobacter_succinogenes_subsp_succinogenes_s85_gca_000146505.ASM14650v1.dna.toplevel.fa	fibrobacter_succinogenes	0.23707664884135474	0.24955436720142601	0.3233065953654189	0.19006238859180036	0.5728609625668449	
Anaplasma_phagocytophilum_str_hge1.ASM47842v1.dna.toplevel.fa	anaplasma_phagocytophilum	0.2598267821452365	0.20386409060626248	0.3037974683544304	0.23251165889407063	0.5076615589606929	
Enhydrobacter_aerosaccus.ASM118854v1.dna.toplevel.fa	enhydrobacter_aerosaccus	0.26260641781270466	0.2128356254092993	0.30386378519973806	0.22069417157825802	0.5166994106090373	
Mycoplasma_haemocanis_str_illinois.ASM23899v1.dna.toplevel.fa	mycoplasma_haemocanis	0.2887372013651877	0.18907849829351536	0.2614334470989761	0.26075085324232083	0.45051194539249145	
Polynucleobacter_wuianus.ASM165972v1.dna.toplevel.fa	polynucleobacter_wuianus	0.25850785340314136	0.22971204188481675	0.31151832460732987	0.20026178010471204	0.5412303664921466	
Clostridioides_difficile_e1.E1.dna.toplevel.fa	clostridioides_difficile	0.2618254497001999	0.22051965356429049	0.3011325782811459	0.21652231845436376	0.5216522318454364	
Nitrospina_gracilis_3_211.ASM34154v2.dna.toplevel.fa	nitrospina_gracilis	0.2536231884057971	0.23254281949934125	0.3096179183135705	0.20421607378129117	0.5421607378129117	
Mycobacterium_africanum_mal020107.Myco_afri_MAL020107_V1.dna.toplevel.fa	mycobacterium_africanum	0.2171353826030085	0.23871811641595814	0.342053629823414	0.20209287115761937	0.5807717462393721	
Klebsiella_quasipneumoniae_subsp_similipneumoniae_gca_001701645.ASM170164v1.dna.toplevel.fa	klebsiella_quasipneumoniae	0.251953125	0.22786458333333334	0.31640625	0.20377604166666666	0.5442708333333334	
Rickettsia_prowazekii_str_rp22.ASM2278v1.dna.toplevel.fa	rickettsia_prowazekii	0.2643908969210174	0.20883534136546184	0.2978580990629183	0.2289156626506024	0.5066934404283802	
Halobacteriovorax_marinus_sj.ASM21091v2.dna.toplevel.fa	halobacteriovorax_marinus	0.25997425997426	0.22072072072072071	0.30244530244530243	0.21685971685971686	0.5231660231660231	
Sedimenticola_thiotaurini.ASM100787v1.dna.toplevel.fa	sedimenticola_thiotaurini	0.25227568270481143	0.22106631989596878	0.3159947984395319	0.2106631989596879	0.5370611183355006	
Helicobacter_trogontum_gca_000765885.ASM76588v1.dna.toplevel.fa	helicobacter_trogontum	0.26446837146702556	0.21130551816958276	0.2934051144010767	0.23082099596231495	0.5047106325706595	
Gilliamella_apicola_gca_001690595.ASM169059v1.dna.toplevel.fa	gilliamella_apicola	0.26411897590361444	0.2082078313253012	0.31061746987951805	0.21705572289156627	0.5188253012048193	
Brucella_ovis_81_8.Bruc_ovis_81_8_V1.dna.toplevel.fa	brucella_ovis	0.2388663967611336	0.23751686909581646	0.32051282051282054	0.20310391363022942	0.558029689608637	
Rhodopirellula_maiorica_sm1.ASM34629v1.dna.toplevel.fa	rhodopirellula_maiorica	0.24559111691704769	0.2286087524493795	0.31678641410842584	0.20901371652514697	0.5453951665578054	
Prochlorococcus_marinus_str_mit_9302.ASM75997v1.dna.toplevel.fa	prochlorococcus_marinus	0.24864864864864866	0.23310810810810811	0.31148648648648647	0.20675675675675675	0.5445945945945946	
Brucella_melitensis_bv_1_str_16m_gca_000740415.ASM74041v1.dna.toplevel.fa	brucella_melitensis	0.2388663967611336	0.23751686909581646	0.32051282051282054	0.20310391363022942	0.558029689608637	
Atopobium_deltae.ASM155278v1.dna.toplevel.fa	atopobium_deltae	0.23859881031064112	0.24388631857237278	0.3225380039656312	0.19497686715135493	0.566424322538004	
Metallosphaera_yellowstonensis_mk1.ASM24331v1.dna.toplevel.fa	metallosphaera_yellowstonensis	0.21337792642140468	0.2802675585284281	0.35183946488294315	0.15451505016722408	0.6321070234113713	
Paraburkholderia_terrae_bs001.ASM26511v1.dna.toplevel.fa	paraburkholderia_terrae	0.24950884086444008	0.23510150622134904	0.3241650294695481	0.19122462344466273	0.5592665356908972	
Kangiella_sediminilitoris.ASM170840v1.dna.toplevel.fa	kangiella_sediminilitoris	0.2545691906005222	0.2206266318537859	0.30809399477806787	0.21671018276762402	0.5287206266318538	
Klebsiella_michiganensis_gca_001030755.Kleb_oxyt_MGH87_V1.dna.toplevel.fa	klebsiella_michiganensis	0.25244140625	0.22664388020833334	0.316162109375	0.20475260416666666	0.5428059895833334	
Mycoplasma_capricolum_subsp_capripneumoniae_gca_000952915.9231-Abomsa_assembly_V8.dna.toplevel.fa	mycoplasma_capricolum	0.28326745718050067	0.1979578392621871	0.2816205533596838	0.23715415019762845	0.4795783926218709	
Clostridium_botulinum_gca_001264545.ASM126454v1.dna.toplevel.fa	clostridium_botulinum	0.2675496688741722	0.2205298013245033	0.3039735099337748	0.20794701986754968	0.5245033112582781	
Clostridioides_difficile_p75.ASM45218v2.dna.toplevel.fa	clostridioides_difficile	0.2725060827250608	0.21480709071949947	0.30935001737921447	0.20333680917622524	0.524157108098714	
Arthrobacter_enclensis.ASM145702v1.dna.toplevel.fa	arthrobacter_enclensis	0.22897196261682243	0.2411214953271028	0.32710280373831774	0.202803738317757	0.5682242990654206	
Brucella_abortus_93_2.Bruc_abor_93_2_V1.dna.toplevel.fa	brucella_abortus	0.2391228680821441	0.23668639053254437	0.31952662721893493	0.20466411416637662	0.5562130177514792	
Brucella_abortus_99_9971_159.Bruc_abor_99-9971-159_V1.dna.toplevel.fa	brucella_abortus	0.2388663967611336	0.23684210526315788	0.32051282051282054	0.203778677462888	0.5573549257759784	
Magnetococcus_marinus_mc_1.ASM1486v1.dna.toplevel.fa	magnetococcus_marinus	0.24394578982448345	0.224616751832926	0.3243723616974006	0.20706509664518996	0.5489891135303266	
Gilliamella_apicola_gca_001693435.ASM169343v1.dna.toplevel.fa	gilliamella_apicola	0.26247147049233777	0.21062927942614934	0.313009455493968	0.21388979458754484	0.5236387349201174	
Xanthomonas_oryzae_pv_oryzicola_gca_001042775.ASM104277v1.dna.toplevel.fa	xanthomonas_oryzae	0.24562540505508748	0.23201555411535968	0.31950745301360983	0.20285158781594298	0.5515230071289695	
Roseivivax_isoporae_lmg_25204.SOAPdenovo_v1.05.dna.toplevel.fa	roseivivax_isoporae	0.23235092529129542	0.24674434544208362	0.3207676490747087	0.20013708019191226	0.5675119945167924	
Xanthomonas_cannabis_pv_cannabis.NCPPB2877_E1.0.dna.toplevel.fa	xanthomonas_cannabis	0.24627349319507452	0.23136746597537264	0.3188593648736228	0.20349967595593	0.5502268308489955	
Chitinivibrio_alkaliphilus_acht1.Acht1_1.dna.toplevel.fa	chitinivibrio_alkaliphilus	0.263465282284231	0.21284879948085658	0.2965606748864374	0.227125243348475	0.509409474367294	
Rickettsia_massiliae_mtu5.ASM1662v1.dna.toplevel.fa	rickettsia_massiliae	0.2643908969210174	0.21151271753681392	0.29852744310575635	0.22556894243641232	0.5100401606425703	
Brachyspira_hyodysenteriae_gca_001013125.ASM101312v1.dna.toplevel.fa	brachyspira_hyodysenteriae	0.26935804103242883	0.20913302448709464	0.299801455989411	0.2217074784910655	0.5089344804765056	
Parageobacillus_thermoglucosidans_gca_001651535.ASM165153v1.dna.toplevel.fa	parageobacillus_thermoglucosidans	0.23335488041370395	0.2482223658694247	0.3380736910148675	0.18034906270200388	0.5862960568842922	
Cellulomonas_gilvus_atcc_13127.ASM21854v1.dna.toplevel.fa	cellulomonas_gilvus	0.23043908880818753	0.2433146252888742	0.3364146583030703	0.18983162759986794	0.5797292835919445	
Clostridioides_difficile_cd17.ASM44872v2.dna.toplevel.fa	clostridioides_difficile	0.27052238805970147	0.21641791044776118	0.31343283582089554	0.19962686567164178	0.5298507462686567	
Rickettsia_prowazekii_str_katsinyian.ASM27718v1.dna.toplevel.fa	rickettsia_prowazekii	0.2643908969210174	0.20883534136546184	0.2978580990629183	0.2289156626506024	0.5066934404283802	
Acinetobacter_oleivorans_dr1.ASM19679v1.dna.toplevel.fa	acinetobacter_oleivorans	0.257630064081677	0.21766047572499186	0.3087867926577604	0.21592266753557077	0.5264472683827522	
Klebsiella_michiganensis_gca_000735215.ASM73521v1.dna.toplevel.fa	klebsiella_michiganensis	0.251953125	0.22721354166666666	0.31640625	0.20442708333333334	0.5436197916666666	
Sinorhizobium_meliloti_2011.ASM34606v1.dna.toplevel.fa	sinorhizobium_meliloti	0.24493927125506074	0.23616734143049933	0.31781376518218624	0.20107962213225372	0.5539811066126855	
Metallosphaera_cuprina_ar_4.ASM20492v1.dna.toplevel.fa	metallosphaera_cuprina	0.2214046822742475	0.27224080267558526	0.34448160535117056	0.16187290969899665	0.6167224080267558	
Chlamydia_psittaci_06_1683.ASM41584v1.dna.toplevel.fa	chlamydia_psittaci	0.2648578811369509	0.20930232558139536	0.2939276485788114	0.23191214470284238	0.5032299741602068	
Paraclostridium_benzoelyticum.ASM100628v1.dna.toplevel.fa	paraclostridium_benzoelyticum	0.2553191489361702	0.2256052824651504	0.2993396918561996	0.21973587674247982	0.52494497432135	
Gilliamella_apicola_gca_001690275.ASM169027v1.dna.toplevel.fa	gilliamella_apicola	0.26111944027986006	0.21164417791104448	0.3118440779610195	0.21539230384807595	0.5234882558720639	
Paenibacillus_vortex_v453.ASM19341v1.dna.toplevel.fa	paenibacillus_vortex	0.25360419397116646	0.22673656618610746	0.31716906946264745	0.20249017038007863	0.5439056356487549	
